(kicad_pcb (version 20171130) (host pcbnew "(5.1.2)-1")

  (general
    (thickness 1.6)
    (drawings 10)
    (tracks 198)
    (zones 0)
    (modules 15)
    (nets 29)
  )

  (page A4)
  (layers
    (0 F.Cu signal)
    (31 B.Cu signal)
    (32 B.Adhes user)
    (33 F.Adhes user)
    (34 B.Paste user)
    (35 F.Paste user)
    (36 B.SilkS user)
    (37 F.SilkS user)
    (38 B.Mask user)
    (39 F.Mask user)
    (40 Dwgs.User user)
    (41 Cmts.User user)
    (42 Eco1.User user)
    (43 Eco2.User user)
    (44 Edge.Cuts user)
    (45 Margin user)
    (46 B.CrtYd user)
    (47 F.CrtYd user)
    (48 B.Fab user)
    (49 F.Fab user)
  )

  (setup
    (last_trace_width 0.2)
    (user_trace_width 0.2)
    (user_trace_width 0.25)
    (trace_clearance 0.154)
    (zone_clearance 0.508)
    (zone_45_only no)
    (trace_min 0.1524)
    (via_size 0.69)
    (via_drill 0.34)
    (via_min_size 0.51)
    (via_min_drill 0.254)
    (user_via 0.51 0.3)
    (uvia_size 0.69)
    (uvia_drill 0.34)
    (uvias_allowed no)
    (uvia_min_size 0.51)
    (uvia_min_drill 0.254)
    (edge_width 0.05)
    (segment_width 0.2)
    (pcb_text_width 0.3)
    (pcb_text_size 1.5 1.5)
    (mod_edge_width 0.12)
    (mod_text_size 1 1)
    (mod_text_width 0.15)
    (pad_size 1.524 1.524)
    (pad_drill 0.762)
    (pad_to_mask_clearance 0.051)
    (solder_mask_min_width 0.25)
    (aux_axis_origin 0 0)
    (grid_origin 117.5 82)
    (visible_elements 7FFFFFFF)
    (pcbplotparams
      (layerselection 0x010fc_ffffffff)
      (usegerberextensions false)
      (usegerberattributes false)
      (usegerberadvancedattributes false)
      (creategerberjobfile false)
      (excludeedgelayer true)
      (linewidth 0.100000)
      (plotframeref false)
      (viasonmask false)
      (mode 1)
      (useauxorigin false)
      (hpglpennumber 1)
      (hpglpenspeed 20)
      (hpglpendiameter 15.000000)
      (psnegative false)
      (psa4output false)
      (plotreference true)
      (plotvalue true)
      (plotinvisibletext false)
      (padsonsilk false)
      (subtractmaskfromsilk false)
      (outputformat 1)
      (mirror false)
      (drillshape 1)
      (scaleselection 1)
      (outputdirectory ""))
  )

  (net 0 "")
  (net 1 GND)
  (net 2 +5V)
  (net 3 /~SHUTDOWN)
  (net 4 /~INTB)
  (net 5 /AUDIO_IN)
  (net 6 /SDA)
  (net 7 /SCL)
  (net 8 "Net-(0x75-Pad1)")
  (net 9 "Net-(C_FILT1-Pad1)")
  (net 10 "Net-(CA1-Pad9)")
  (net 11 "Net-(CA1-Pad8)")
  (net 12 "Net-(CA1-Pad7)")
  (net 13 "Net-(CA1-Pad6)")
  (net 14 "Net-(CA1-Pad5)")
  (net 15 "Net-(CA1-Pad4)")
  (net 16 "Net-(CA1-Pad3)")
  (net 17 "Net-(CA1-Pad2)")
  (net 18 "Net-(CA1-Pad1)")
  (net 19 "Net-(CB1-Pad9)")
  (net 20 "Net-(CB1-Pad8)")
  (net 21 "Net-(CB1-Pad7)")
  (net 22 "Net-(CB1-Pad6)")
  (net 23 "Net-(CB1-Pad5)")
  (net 24 "Net-(CB1-Pad4)")
  (net 25 "Net-(CB1-Pad3)")
  (net 26 "Net-(CB1-Pad2)")
  (net 27 "Net-(CB1-Pad1)")
  (net 28 "Net-(R_EXT1-Pad1)")

  (net_class Default "This is the default net class."
    (clearance 0.154)
    (trace_width 0.154)
    (via_dia 0.69)
    (via_drill 0.34)
    (uvia_dia 0.69)
    (uvia_drill 0.34)
    (add_net +5V)
    (add_net /AUDIO_IN)
    (add_net /SCL)
    (add_net /SDA)
    (add_net /~INTB)
    (add_net /~SHUTDOWN)
    (add_net GND)
    (add_net "Net-(0x75-Pad1)")
    (add_net "Net-(CA1-Pad1)")
    (add_net "Net-(CA1-Pad2)")
    (add_net "Net-(CA1-Pad3)")
    (add_net "Net-(CA1-Pad4)")
    (add_net "Net-(CA1-Pad5)")
    (add_net "Net-(CA1-Pad6)")
    (add_net "Net-(CA1-Pad7)")
    (add_net "Net-(CA1-Pad8)")
    (add_net "Net-(CA1-Pad9)")
    (add_net "Net-(CB1-Pad1)")
    (add_net "Net-(CB1-Pad2)")
    (add_net "Net-(CB1-Pad3)")
    (add_net "Net-(CB1-Pad4)")
    (add_net "Net-(CB1-Pad5)")
    (add_net "Net-(CB1-Pad6)")
    (add_net "Net-(CB1-Pad7)")
    (add_net "Net-(CB1-Pad8)")
    (add_net "Net-(CB1-Pad9)")
    (add_net "Net-(C_FILT1-Pad1)")
    (add_net "Net-(R_EXT1-Pad1)")
  )

  (module Package_SO:SSOP-28_5.3x10.2mm_P0.65mm (layer F.Cu) (tedit 5A02F25C) (tstamp 5DD22014)
    (at 126.898 109.94 180)
    (descr "28-Lead Plastic Shrink Small Outline (SS)-5.30 mm Body [SSOP] (see Microchip Packaging Specification 00000049BS.pdf)")
    (tags "SSOP 0.65")
    (path /5D74F442)
    (attr smd)
    (fp_text reference U1 (at 0 -6.25) (layer F.SilkS)
      (effects (font (size 1 1) (thickness 0.15)))
    )
    (fp_text value IS31FL3731 (at 0 6.25) (layer F.Fab)
      (effects (font (size 1 1) (thickness 0.15)))
    )
    (fp_text user %R (at 0 0) (layer F.Fab)
      (effects (font (size 0.8 0.8) (thickness 0.15)))
    )
    (fp_line (start -2.875 -4.75) (end -4.475 -4.75) (layer F.SilkS) (width 0.15))
    (fp_line (start -2.875 5.325) (end 2.875 5.325) (layer F.SilkS) (width 0.15))
    (fp_line (start -2.875 -5.325) (end 2.875 -5.325) (layer F.SilkS) (width 0.15))
    (fp_line (start -2.875 5.325) (end -2.875 4.675) (layer F.SilkS) (width 0.15))
    (fp_line (start 2.875 5.325) (end 2.875 4.675) (layer F.SilkS) (width 0.15))
    (fp_line (start 2.875 -5.325) (end 2.875 -4.675) (layer F.SilkS) (width 0.15))
    (fp_line (start -2.875 -5.325) (end -2.875 -4.75) (layer F.SilkS) (width 0.15))
    (fp_line (start -4.75 5.5) (end 4.75 5.5) (layer F.CrtYd) (width 0.05))
    (fp_line (start -4.75 -5.5) (end 4.75 -5.5) (layer F.CrtYd) (width 0.05))
    (fp_line (start 4.75 -5.5) (end 4.75 5.5) (layer F.CrtYd) (width 0.05))
    (fp_line (start -4.75 -5.5) (end -4.75 5.5) (layer F.CrtYd) (width 0.05))
    (fp_line (start -2.65 -4.1) (end -1.65 -5.1) (layer F.Fab) (width 0.15))
    (fp_line (start -2.65 5.1) (end -2.65 -4.1) (layer F.Fab) (width 0.15))
    (fp_line (start 2.65 5.1) (end -2.65 5.1) (layer F.Fab) (width 0.15))
    (fp_line (start 2.65 -5.1) (end 2.65 5.1) (layer F.Fab) (width 0.15))
    (fp_line (start -1.65 -5.1) (end 2.65 -5.1) (layer F.Fab) (width 0.15))
    (pad 28 smd rect (at 3.6 -4.225 180) (size 1.75 0.45) (layers F.Cu F.Paste F.Mask)
      (net 11 "Net-(CA1-Pad8)"))
    (pad 27 smd rect (at 3.6 -3.575 180) (size 1.75 0.45) (layers F.Cu F.Paste F.Mask)
      (net 12 "Net-(CA1-Pad7)"))
    (pad 26 smd rect (at 3.6 -2.925 180) (size 1.75 0.45) (layers F.Cu F.Paste F.Mask)
      (net 13 "Net-(CA1-Pad6)"))
    (pad 25 smd rect (at 3.6 -2.275 180) (size 1.75 0.45) (layers F.Cu F.Paste F.Mask)
      (net 14 "Net-(CA1-Pad5)"))
    (pad 24 smd rect (at 3.6 -1.625 180) (size 1.75 0.45) (layers F.Cu F.Paste F.Mask)
      (net 15 "Net-(CA1-Pad4)"))
    (pad 23 smd rect (at 3.6 -0.975 180) (size 1.75 0.45) (layers F.Cu F.Paste F.Mask)
      (net 16 "Net-(CA1-Pad3)"))
    (pad 22 smd rect (at 3.6 -0.325 180) (size 1.75 0.45) (layers F.Cu F.Paste F.Mask)
      (net 17 "Net-(CA1-Pad2)"))
    (pad 21 smd rect (at 3.6 0.325 180) (size 1.75 0.45) (layers F.Cu F.Paste F.Mask)
      (net 18 "Net-(CA1-Pad1)"))
    (pad 20 smd rect (at 3.6 0.975 180) (size 1.75 0.45) (layers F.Cu F.Paste F.Mask)
      (net 6 /SDA))
    (pad 19 smd rect (at 3.6 1.625 180) (size 1.75 0.45) (layers F.Cu F.Paste F.Mask)
      (net 7 /SCL))
    (pad 18 smd rect (at 3.6 2.275 180) (size 1.75 0.45) (layers F.Cu F.Paste F.Mask)
      (net 8 "Net-(0x75-Pad1)"))
    (pad 17 smd rect (at 3.6 2.925 180) (size 1.75 0.45) (layers F.Cu F.Paste F.Mask)
      (net 5 /AUDIO_IN))
    (pad 16 smd rect (at 3.6 3.575 180) (size 1.75 0.45) (layers F.Cu F.Paste F.Mask)
      (net 9 "Net-(C_FILT1-Pad1)"))
    (pad 15 smd rect (at 3.6 4.225 180) (size 1.75 0.45) (layers F.Cu F.Paste F.Mask)
      (net 19 "Net-(CB1-Pad9)"))
    (pad 14 smd rect (at -3.6 4.225 180) (size 1.75 0.45) (layers F.Cu F.Paste F.Mask)
      (net 20 "Net-(CB1-Pad8)"))
    (pad 13 smd rect (at -3.6 3.575 180) (size 1.75 0.45) (layers F.Cu F.Paste F.Mask)
      (net 21 "Net-(CB1-Pad7)"))
    (pad 12 smd rect (at -3.6 2.925 180) (size 1.75 0.45) (layers F.Cu F.Paste F.Mask)
      (net 22 "Net-(CB1-Pad6)"))
    (pad 11 smd rect (at -3.6 2.275 180) (size 1.75 0.45) (layers F.Cu F.Paste F.Mask)
      (net 23 "Net-(CB1-Pad5)"))
    (pad 10 smd rect (at -3.6 1.625 180) (size 1.75 0.45) (layers F.Cu F.Paste F.Mask)
      (net 24 "Net-(CB1-Pad4)"))
    (pad 9 smd rect (at -3.6 0.975 180) (size 1.75 0.45) (layers F.Cu F.Paste F.Mask)
      (net 25 "Net-(CB1-Pad3)"))
    (pad 8 smd rect (at -3.6 0.325 180) (size 1.75 0.45) (layers F.Cu F.Paste F.Mask)
      (net 26 "Net-(CB1-Pad2)"))
    (pad 7 smd rect (at -3.6 -0.325 180) (size 1.75 0.45) (layers F.Cu F.Paste F.Mask)
      (net 27 "Net-(CB1-Pad1)"))
    (pad 6 smd rect (at -3.6 -0.975 180) (size 1.75 0.45) (layers F.Cu F.Paste F.Mask)
      (net 28 "Net-(R_EXT1-Pad1)"))
    (pad 5 smd rect (at -3.6 -1.625 180) (size 1.75 0.45) (layers F.Cu F.Paste F.Mask)
      (net 1 GND))
    (pad 4 smd rect (at -3.6 -2.275 180) (size 1.75 0.45) (layers F.Cu F.Paste F.Mask)
      (net 4 /~INTB))
    (pad 3 smd rect (at -3.6 -2.925 180) (size 1.75 0.45) (layers F.Cu F.Paste F.Mask)
      (net 3 /~SHUTDOWN))
    (pad 2 smd rect (at -3.6 -3.575 180) (size 1.75 0.45) (layers F.Cu F.Paste F.Mask)
      (net 2 +5V))
    (pad 1 smd rect (at -3.6 -4.225 180) (size 1.75 0.45) (layers F.Cu F.Paste F.Mask)
      (net 10 "Net-(CA1-Pad9)"))
    (model ${KISYS3DMOD}/Package_SO.3dshapes/SSOP-28_5.3x10.2mm_P0.65mm.wrl
      (at (xyz 0 0 0))
      (scale (xyz 1 1 1))
      (rotate (xyz 0 0 0))
    )
  )

  (module Resistor_SMD:R_0805_2012Metric (layer B.Cu) (tedit 5B36C52B) (tstamp 5D75691D)
    (at 128.02068 109.96032 270)
    (descr "Resistor SMD 0805 (2012 Metric), square (rectangular) end terminal, IPC_7351 nominal, (Body size source: https://docs.google.com/spreadsheets/d/1BsfQQcO9C6DZCsRaXUlFlo91Tg2WpOkGARC1WS5S8t0/edit?usp=sharing), generated with kicad-footprint-generator")
    (tags resistor)
    (path /5D781B2C)
    (attr smd)
    (fp_text reference R_EXT1 (at 0.635 -1.905 270) (layer B.SilkS)
      (effects (font (size 1 1) (thickness 0.15)) (justify mirror))
    )
    (fp_text value 20kR (at 0 -1.65 90) (layer B.Fab)
      (effects (font (size 1 1) (thickness 0.15)) (justify mirror))
    )
    (fp_text user %R (at 0 0 90) (layer B.Fab)
      (effects (font (size 0.5 0.5) (thickness 0.08)) (justify mirror))
    )
    (fp_line (start 1.68 -0.95) (end -1.68 -0.95) (layer B.CrtYd) (width 0.05))
    (fp_line (start 1.68 0.95) (end 1.68 -0.95) (layer B.CrtYd) (width 0.05))
    (fp_line (start -1.68 0.95) (end 1.68 0.95) (layer B.CrtYd) (width 0.05))
    (fp_line (start -1.68 -0.95) (end -1.68 0.95) (layer B.CrtYd) (width 0.05))
    (fp_line (start -0.258578 -0.71) (end 0.258578 -0.71) (layer B.SilkS) (width 0.12))
    (fp_line (start -0.258578 0.71) (end 0.258578 0.71) (layer B.SilkS) (width 0.12))
    (fp_line (start 1 -0.6) (end -1 -0.6) (layer B.Fab) (width 0.1))
    (fp_line (start 1 0.6) (end 1 -0.6) (layer B.Fab) (width 0.1))
    (fp_line (start -1 0.6) (end 1 0.6) (layer B.Fab) (width 0.1))
    (fp_line (start -1 -0.6) (end -1 0.6) (layer B.Fab) (width 0.1))
    (pad 2 smd roundrect (at 0.9375 0 270) (size 0.975 1.4) (layers B.Cu B.Paste B.Mask) (roundrect_rratio 0.25)
      (net 1 GND))
    (pad 1 smd roundrect (at -0.9375 0 270) (size 0.975 1.4) (layers B.Cu B.Paste B.Mask) (roundrect_rratio 0.25)
      (net 28 "Net-(R_EXT1-Pad1)"))
    (model ${KISYS3DMOD}/Resistor_SMD.3dshapes/R_0805_2012Metric.wrl
      (at (xyz 0 0 0))
      (scale (xyz 1 1 1))
      (rotate (xyz 0 0 0))
    )
  )

  (module Resistor_SMD:R_0805_2012Metric (layer F.Cu) (tedit 5B36C52B) (tstamp 5D75690C)
    (at 135.28 83.905 270)
    (descr "Resistor SMD 0805 (2012 Metric), square (rectangular) end terminal, IPC_7351 nominal, (Body size source: https://docs.google.com/spreadsheets/d/1BsfQQcO9C6DZCsRaXUlFlo91Tg2WpOkGARC1WS5S8t0/edit?usp=sharing), generated with kicad-footprint-generator")
    (tags resistor)
    (path /5D758C0A)
    (attr smd)
    (fp_text reference R5 (at 2.64 0 90) (layer F.SilkS)
      (effects (font (size 1 1) (thickness 0.15)))
    )
    (fp_text value 20kR (at 0 1.65 90) (layer F.Fab)
      (effects (font (size 1 1) (thickness 0.15)))
    )
    (fp_line (start -1 0.6) (end -1 -0.6) (layer F.Fab) (width 0.1))
    (fp_line (start -1 -0.6) (end 1 -0.6) (layer F.Fab) (width 0.1))
    (fp_line (start 1 -0.6) (end 1 0.6) (layer F.Fab) (width 0.1))
    (fp_line (start 1 0.6) (end -1 0.6) (layer F.Fab) (width 0.1))
    (fp_line (start -0.258578 -0.71) (end 0.258578 -0.71) (layer F.SilkS) (width 0.12))
    (fp_line (start -0.258578 0.71) (end 0.258578 0.71) (layer F.SilkS) (width 0.12))
    (fp_line (start -1.68 0.95) (end -1.68 -0.95) (layer F.CrtYd) (width 0.05))
    (fp_line (start -1.68 -0.95) (end 1.68 -0.95) (layer F.CrtYd) (width 0.05))
    (fp_line (start 1.68 -0.95) (end 1.68 0.95) (layer F.CrtYd) (width 0.05))
    (fp_line (start 1.68 0.95) (end -1.68 0.95) (layer F.CrtYd) (width 0.05))
    (fp_text user %R (at 0 0 90) (layer F.Fab)
      (effects (font (size 0.5 0.5) (thickness 0.08)))
    )
    (pad 1 smd roundrect (at -0.9375 0 270) (size 0.975 1.4) (layers F.Cu F.Paste F.Mask) (roundrect_rratio 0.25)
      (net 2 +5V))
    (pad 2 smd roundrect (at 0.9375 0 270) (size 0.975 1.4) (layers F.Cu F.Paste F.Mask) (roundrect_rratio 0.25)
      (net 7 /SCL))
    (model ${KISYS3DMOD}/Resistor_SMD.3dshapes/R_0805_2012Metric.wrl
      (at (xyz 0 0 0))
      (scale (xyz 1 1 1))
      (rotate (xyz 0 0 0))
    )
  )

  (module Resistor_SMD:R_0805_2012Metric (layer F.Cu) (tedit 5B36C52B) (tstamp 5D7568FB)
    (at 133.375 83.905 270)
    (descr "Resistor SMD 0805 (2012 Metric), square (rectangular) end terminal, IPC_7351 nominal, (Body size source: https://docs.google.com/spreadsheets/d/1BsfQQcO9C6DZCsRaXUlFlo91Tg2WpOkGARC1WS5S8t0/edit?usp=sharing), generated with kicad-footprint-generator")
    (tags resistor)
    (path /5D7589FE)
    (attr smd)
    (fp_text reference R4 (at 2.67716 0.0254 90) (layer F.SilkS)
      (effects (font (size 1 1) (thickness 0.15)))
    )
    (fp_text value 20kR (at 0 1.65 90) (layer F.Fab)
      (effects (font (size 1 1) (thickness 0.15)))
    )
    (fp_line (start -1 0.6) (end -1 -0.6) (layer F.Fab) (width 0.1))
    (fp_line (start -1 -0.6) (end 1 -0.6) (layer F.Fab) (width 0.1))
    (fp_line (start 1 -0.6) (end 1 0.6) (layer F.Fab) (width 0.1))
    (fp_line (start 1 0.6) (end -1 0.6) (layer F.Fab) (width 0.1))
    (fp_line (start -0.258578 -0.71) (end 0.258578 -0.71) (layer F.SilkS) (width 0.12))
    (fp_line (start -0.258578 0.71) (end 0.258578 0.71) (layer F.SilkS) (width 0.12))
    (fp_line (start -1.68 0.95) (end -1.68 -0.95) (layer F.CrtYd) (width 0.05))
    (fp_line (start -1.68 -0.95) (end 1.68 -0.95) (layer F.CrtYd) (width 0.05))
    (fp_line (start 1.68 -0.95) (end 1.68 0.95) (layer F.CrtYd) (width 0.05))
    (fp_line (start 1.68 0.95) (end -1.68 0.95) (layer F.CrtYd) (width 0.05))
    (fp_text user %R (at 0 0 90) (layer F.Fab)
      (effects (font (size 0.5 0.5) (thickness 0.08)))
    )
    (pad 1 smd roundrect (at -0.9375 0 270) (size 0.975 1.4) (layers F.Cu F.Paste F.Mask) (roundrect_rratio 0.25)
      (net 2 +5V))
    (pad 2 smd roundrect (at 0.9375 0 270) (size 0.975 1.4) (layers F.Cu F.Paste F.Mask) (roundrect_rratio 0.25)
      (net 6 /SDA))
    (model ${KISYS3DMOD}/Resistor_SMD.3dshapes/R_0805_2012Metric.wrl
      (at (xyz 0 0 0))
      (scale (xyz 1 1 1))
      (rotate (xyz 0 0 0))
    )
  )

  (module Resistor_SMD:R_0805_2012Metric (layer B.Cu) (tedit 5B36C52B) (tstamp 5D7568EA)
    (at 126.88022 116.46526)
    (descr "Resistor SMD 0805 (2012 Metric), square (rectangular) end terminal, IPC_7351 nominal, (Body size source: https://docs.google.com/spreadsheets/d/1BsfQQcO9C6DZCsRaXUlFlo91Tg2WpOkGARC1WS5S8t0/edit?usp=sharing), generated with kicad-footprint-generator")
    (tags resistor)
    (path /5D7588E6)
    (attr smd)
    (fp_text reference R3 (at 2.67 0.31) (layer B.SilkS)
      (effects (font (size 1 1) (thickness 0.15)) (justify mirror))
    )
    (fp_text value 20kR (at 0 -1.65) (layer B.Fab)
      (effects (font (size 1 1) (thickness 0.15)) (justify mirror))
    )
    (fp_line (start -1 -0.6) (end -1 0.6) (layer B.Fab) (width 0.1))
    (fp_line (start -1 0.6) (end 1 0.6) (layer B.Fab) (width 0.1))
    (fp_line (start 1 0.6) (end 1 -0.6) (layer B.Fab) (width 0.1))
    (fp_line (start 1 -0.6) (end -1 -0.6) (layer B.Fab) (width 0.1))
    (fp_line (start -0.258578 0.71) (end 0.258578 0.71) (layer B.SilkS) (width 0.12))
    (fp_line (start -0.258578 -0.71) (end 0.258578 -0.71) (layer B.SilkS) (width 0.12))
    (fp_line (start -1.68 -0.95) (end -1.68 0.95) (layer B.CrtYd) (width 0.05))
    (fp_line (start -1.68 0.95) (end 1.68 0.95) (layer B.CrtYd) (width 0.05))
    (fp_line (start 1.68 0.95) (end 1.68 -0.95) (layer B.CrtYd) (width 0.05))
    (fp_line (start 1.68 -0.95) (end -1.68 -0.95) (layer B.CrtYd) (width 0.05))
    (fp_text user %R (at 0 0) (layer B.Fab)
      (effects (font (size 0.5 0.5) (thickness 0.08)) (justify mirror))
    )
    (pad 1 smd roundrect (at -0.9375 0) (size 0.975 1.4) (layers B.Cu B.Paste B.Mask) (roundrect_rratio 0.25)
      (net 2 +5V))
    (pad 2 smd roundrect (at 0.9375 0) (size 0.975 1.4) (layers B.Cu B.Paste B.Mask) (roundrect_rratio 0.25)
      (net 4 /~INTB))
    (model ${KISYS3DMOD}/Resistor_SMD.3dshapes/R_0805_2012Metric.wrl
      (at (xyz 0 0 0))
      (scale (xyz 1 1 1))
      (rotate (xyz 0 0 0))
    )
  )

  (module Resistor_SMD:R_0805_2012Metric (layer B.Cu) (tedit 5B36C52B) (tstamp 5D7568D9)
    (at 126.03694 113.496 90)
    (descr "Resistor SMD 0805 (2012 Metric), square (rectangular) end terminal, IPC_7351 nominal, (Body size source: https://docs.google.com/spreadsheets/d/1BsfQQcO9C6DZCsRaXUlFlo91Tg2WpOkGARC1WS5S8t0/edit?usp=sharing), generated with kicad-footprint-generator")
    (tags resistor)
    (path /5D75B860)
    (attr smd)
    (fp_text reference R2 (at -2.54 0 90) (layer B.SilkS)
      (effects (font (size 1 1) (thickness 0.15)) (justify mirror))
    )
    (fp_text value 20kR (at 0 -1.65 90) (layer B.Fab)
      (effects (font (size 1 1) (thickness 0.15)) (justify mirror))
    )
    (fp_text user %R (at 0 0 90) (layer B.Fab)
      (effects (font (size 0.5 0.5) (thickness 0.08)) (justify mirror))
    )
    (fp_line (start 1.68 -0.95) (end -1.68 -0.95) (layer B.CrtYd) (width 0.05))
    (fp_line (start 1.68 0.95) (end 1.68 -0.95) (layer B.CrtYd) (width 0.05))
    (fp_line (start -1.68 0.95) (end 1.68 0.95) (layer B.CrtYd) (width 0.05))
    (fp_line (start -1.68 -0.95) (end -1.68 0.95) (layer B.CrtYd) (width 0.05))
    (fp_line (start -0.258578 -0.71) (end 0.258578 -0.71) (layer B.SilkS) (width 0.12))
    (fp_line (start -0.258578 0.71) (end 0.258578 0.71) (layer B.SilkS) (width 0.12))
    (fp_line (start 1 -0.6) (end -1 -0.6) (layer B.Fab) (width 0.1))
    (fp_line (start 1 0.6) (end 1 -0.6) (layer B.Fab) (width 0.1))
    (fp_line (start -1 0.6) (end 1 0.6) (layer B.Fab) (width 0.1))
    (fp_line (start -1 -0.6) (end -1 0.6) (layer B.Fab) (width 0.1))
    (pad 2 smd roundrect (at 0.9375 0 90) (size 0.975 1.4) (layers B.Cu B.Paste B.Mask) (roundrect_rratio 0.25)
      (net 3 /~SHUTDOWN))
    (pad 1 smd roundrect (at -0.9375 0 90) (size 0.975 1.4) (layers B.Cu B.Paste B.Mask) (roundrect_rratio 0.25)
      (net 2 +5V))
    (model ${KISYS3DMOD}/Resistor_SMD.3dshapes/R_0805_2012Metric.wrl
      (at (xyz 0 0 0))
      (scale (xyz 1 1 1))
      (rotate (xyz 0 0 0))
    )
  )

  (module Resistor_SMD:R_0805_2012Metric (layer B.Cu) (tedit 5B36C52B) (tstamp 5D7568C8)
    (at 126.6948 106.71166)
    (descr "Resistor SMD 0805 (2012 Metric), square (rectangular) end terminal, IPC_7351 nominal, (Body size source: https://docs.google.com/spreadsheets/d/1BsfQQcO9C6DZCsRaXUlFlo91Tg2WpOkGARC1WS5S8t0/edit?usp=sharing), generated with kicad-footprint-generator")
    (tags resistor)
    (path /5D7560F1)
    (attr smd)
    (fp_text reference R_AD1 (at 2.49 0) (layer B.SilkS)
      (effects (font (size 1 1) (thickness 0.15)) (justify mirror))
    )
    (fp_text value 20kR (at 0 -1.65) (layer B.Fab)
      (effects (font (size 1 1) (thickness 0.15)) (justify mirror))
    )
    (fp_text user %R (at 0 0) (layer B.Fab)
      (effects (font (size 0.5 0.5) (thickness 0.08)) (justify mirror))
    )
    (fp_line (start 1.68 -0.95) (end -1.68 -0.95) (layer B.CrtYd) (width 0.05))
    (fp_line (start 1.68 0.95) (end 1.68 -0.95) (layer B.CrtYd) (width 0.05))
    (fp_line (start -1.68 0.95) (end 1.68 0.95) (layer B.CrtYd) (width 0.05))
    (fp_line (start -1.68 -0.95) (end -1.68 0.95) (layer B.CrtYd) (width 0.05))
    (fp_line (start -0.258578 -0.71) (end 0.258578 -0.71) (layer B.SilkS) (width 0.12))
    (fp_line (start -0.258578 0.71) (end 0.258578 0.71) (layer B.SilkS) (width 0.12))
    (fp_line (start 1 -0.6) (end -1 -0.6) (layer B.Fab) (width 0.1))
    (fp_line (start 1 0.6) (end 1 -0.6) (layer B.Fab) (width 0.1))
    (fp_line (start -1 0.6) (end 1 0.6) (layer B.Fab) (width 0.1))
    (fp_line (start -1 -0.6) (end -1 0.6) (layer B.Fab) (width 0.1))
    (pad 2 smd roundrect (at 0.9375 0) (size 0.975 1.4) (layers B.Cu B.Paste B.Mask) (roundrect_rratio 0.25)
      (net 1 GND))
    (pad 1 smd roundrect (at -0.9375 0) (size 0.975 1.4) (layers B.Cu B.Paste B.Mask) (roundrect_rratio 0.25)
      (net 8 "Net-(0x75-Pad1)"))
    (model ${KISYS3DMOD}/Resistor_SMD.3dshapes/R_0805_2012Metric.wrl
      (at (xyz 0 0 0))
      (scale (xyz 1 1 1))
      (rotate (xyz 0 0 0))
    )
  )

  (module Jumper:SolderJumper-2_P1.3mm_Open_TrianglePad1.0x1.5mm (layer F.Cu) (tedit 5A64794F) (tstamp 5D7568B7)
    (at 132.398 90.995 90)
    (descr "SMD Solder Jumper, 1x1.5mm Triangular Pads, 0.3mm gap, open")
    (tags "solder jumper open")
    (path /5D750986)
    (attr virtual)
    (fp_text reference 0x76 (at -3.705 0 270) (layer F.SilkS)
      (effects (font (size 1 1) (thickness 0.15)))
    )
    (fp_text value SolderJumper_2_Open (at 0 1.9 270) (layer F.Fab)
      (effects (font (size 1 1) (thickness 0.15)))
    )
    (fp_line (start 1.65 1.25) (end -1.65 1.25) (layer F.CrtYd) (width 0.05))
    (fp_line (start 1.65 1.25) (end 1.65 -1.25) (layer F.CrtYd) (width 0.05))
    (fp_line (start -1.65 -1.25) (end -1.65 1.25) (layer F.CrtYd) (width 0.05))
    (fp_line (start -1.65 -1.25) (end 1.65 -1.25) (layer F.CrtYd) (width 0.05))
    (fp_line (start -1.4 -1) (end 1.4 -1) (layer F.SilkS) (width 0.12))
    (fp_line (start 1.4 -1) (end 1.4 1) (layer F.SilkS) (width 0.12))
    (fp_line (start 1.4 1) (end -1.4 1) (layer F.SilkS) (width 0.12))
    (fp_line (start -1.4 1) (end -1.4 -1) (layer F.SilkS) (width 0.12))
    (pad 1 smd custom (at -0.725 0 90) (size 0.3 0.3) (layers F.Cu F.Mask)
      (net 8 "Net-(0x75-Pad1)") (zone_connect 2)
      (options (clearance outline) (anchor rect))
      (primitives
        (gr_poly (pts
           (xy -0.5 -0.75) (xy 0.5 -0.75) (xy 1 0) (xy 0.5 0.75) (xy -0.5 0.75)
) (width 0))
      ))
    (pad 2 smd custom (at 0.725 0 90) (size 0.3 0.3) (layers F.Cu F.Mask)
      (net 6 /SDA) (zone_connect 2)
      (options (clearance outline) (anchor rect))
      (primitives
        (gr_poly (pts
           (xy -0.65 -0.75) (xy 0.5 -0.75) (xy 0.5 0.75) (xy -0.65 0.75) (xy -0.15 0)
) (width 0))
      ))
  )

  (module Jumper:SolderJumper-2_P1.3mm_Open_TrianglePad1.0x1.5mm (layer F.Cu) (tedit 5A64794F) (tstamp 5D7568A9)
    (at 135.051 90.995 90)
    (descr "SMD Solder Jumper, 1x1.5mm Triangular Pads, 0.3mm gap, open")
    (tags "solder jumper open")
    (path /5D755C57)
    (attr virtual)
    (fp_text reference 0x75 (at -3.705 0.229 90) (layer F.SilkS)
      (effects (font (size 1 1) (thickness 0.15)))
    )
    (fp_text value SolderJumper_2_Open (at 0 1.9 270) (layer F.Fab)
      (effects (font (size 1 1) (thickness 0.15)))
    )
    (fp_line (start 1.65 1.25) (end -1.65 1.25) (layer F.CrtYd) (width 0.05))
    (fp_line (start 1.65 1.25) (end 1.65 -1.25) (layer F.CrtYd) (width 0.05))
    (fp_line (start -1.65 -1.25) (end -1.65 1.25) (layer F.CrtYd) (width 0.05))
    (fp_line (start -1.65 -1.25) (end 1.65 -1.25) (layer F.CrtYd) (width 0.05))
    (fp_line (start -1.4 -1) (end 1.4 -1) (layer F.SilkS) (width 0.12))
    (fp_line (start 1.4 -1) (end 1.4 1) (layer F.SilkS) (width 0.12))
    (fp_line (start 1.4 1) (end -1.4 1) (layer F.SilkS) (width 0.12))
    (fp_line (start -1.4 1) (end -1.4 -1) (layer F.SilkS) (width 0.12))
    (pad 1 smd custom (at -0.725 0 90) (size 0.3 0.3) (layers F.Cu F.Mask)
      (net 8 "Net-(0x75-Pad1)") (zone_connect 2)
      (options (clearance outline) (anchor rect))
      (primitives
        (gr_poly (pts
           (xy -0.5 -0.75) (xy 0.5 -0.75) (xy 1 0) (xy 0.5 0.75) (xy -0.5 0.75)
) (width 0))
      ))
    (pad 2 smd custom (at 0.725 0 90) (size 0.3 0.3) (layers F.Cu F.Mask)
      (net 7 /SCL) (zone_connect 2)
      (options (clearance outline) (anchor rect))
      (primitives
        (gr_poly (pts
           (xy -0.65 -0.75) (xy 0.5 -0.75) (xy 0.5 0.75) (xy -0.65 0.75) (xy -0.15 0)
) (width 0))
      ))
  )

  (module Jumper:SolderJumper-2_P1.3mm_Open_TrianglePad1.0x1.5mm (layer F.Cu) (tedit 5A64794F) (tstamp 5D75689B)
    (at 129.745 90.995 90)
    (descr "SMD Solder Jumper, 1x1.5mm Triangular Pads, 0.3mm gap, open")
    (tags "solder jumper open")
    (path /5D755F44)
    (attr virtual)
    (fp_text reference 0x77 (at -3.705 -0.18 270) (layer F.SilkS)
      (effects (font (size 1 1) (thickness 0.15)))
    )
    (fp_text value SolderJumper_2_Open (at 0 1.9 270) (layer F.Fab)
      (effects (font (size 1 1) (thickness 0.15)))
    )
    (fp_line (start 1.65 1.25) (end -1.65 1.25) (layer F.CrtYd) (width 0.05))
    (fp_line (start 1.65 1.25) (end 1.65 -1.25) (layer F.CrtYd) (width 0.05))
    (fp_line (start -1.65 -1.25) (end -1.65 1.25) (layer F.CrtYd) (width 0.05))
    (fp_line (start -1.65 -1.25) (end 1.65 -1.25) (layer F.CrtYd) (width 0.05))
    (fp_line (start -1.4 -1) (end 1.4 -1) (layer F.SilkS) (width 0.12))
    (fp_line (start 1.4 -1) (end 1.4 1) (layer F.SilkS) (width 0.12))
    (fp_line (start 1.4 1) (end -1.4 1) (layer F.SilkS) (width 0.12))
    (fp_line (start -1.4 1) (end -1.4 -1) (layer F.SilkS) (width 0.12))
    (pad 1 smd custom (at -0.725 0 90) (size 0.3 0.3) (layers F.Cu F.Mask)
      (net 8 "Net-(0x75-Pad1)") (zone_connect 2)
      (options (clearance outline) (anchor rect))
      (primitives
        (gr_poly (pts
           (xy -0.5 -0.75) (xy 0.5 -0.75) (xy 1 0) (xy 0.5 0.75) (xy -0.5 0.75)
) (width 0))
      ))
    (pad 2 smd custom (at 0.725 0 90) (size 0.3 0.3) (layers F.Cu F.Mask)
      (net 2 +5V) (zone_connect 2)
      (options (clearance outline) (anchor rect))
      (primitives
        (gr_poly (pts
           (xy -0.65 -0.75) (xy 0.5 -0.75) (xy 0.5 0.75) (xy -0.65 0.75) (xy -0.15 0)
) (width 0))
      ))
  )

  (module Connector_PinHeader_2.54mm:PinHeader_1x09_P2.54mm_Vertical (layer B.Cu) (tedit 59FED5CC) (tstamp 5D75688D)
    (at 134.62 121.9)
    (descr "Through hole straight pin header, 1x09, 2.54mm pitch, single row")
    (tags "Through hole pin header THT 1x09 2.54mm single row")
    (path /5D78F3F3)
    (fp_text reference CB1 (at -3.15 0.105) (layer B.SilkS)
      (effects (font (size 1 1) (thickness 0.15)) (justify mirror))
    )
    (fp_text value Conn_01x09 (at 0 -22.65) (layer B.Fab)
      (effects (font (size 1 1) (thickness 0.15)) (justify mirror))
    )
    (fp_text user %R (at 0 -10.16 -90) (layer B.Fab)
      (effects (font (size 1 1) (thickness 0.15)) (justify mirror))
    )
    (fp_line (start 1.8 1.8) (end -1.8 1.8) (layer B.CrtYd) (width 0.05))
    (fp_line (start 1.8 -22.1) (end 1.8 1.8) (layer B.CrtYd) (width 0.05))
    (fp_line (start -1.8 -22.1) (end 1.8 -22.1) (layer B.CrtYd) (width 0.05))
    (fp_line (start -1.8 1.8) (end -1.8 -22.1) (layer B.CrtYd) (width 0.05))
    (fp_line (start -1.33 1.33) (end 0 1.33) (layer B.SilkS) (width 0.12))
    (fp_line (start -1.33 0) (end -1.33 1.33) (layer B.SilkS) (width 0.12))
    (fp_line (start -1.33 -1.27) (end 1.33 -1.27) (layer B.SilkS) (width 0.12))
    (fp_line (start 1.33 -1.27) (end 1.33 -21.65) (layer B.SilkS) (width 0.12))
    (fp_line (start -1.33 -1.27) (end -1.33 -21.65) (layer B.SilkS) (width 0.12))
    (fp_line (start -1.33 -21.65) (end 1.33 -21.65) (layer B.SilkS) (width 0.12))
    (fp_line (start -1.27 0.635) (end -0.635 1.27) (layer B.Fab) (width 0.1))
    (fp_line (start -1.27 -21.59) (end -1.27 0.635) (layer B.Fab) (width 0.1))
    (fp_line (start 1.27 -21.59) (end -1.27 -21.59) (layer B.Fab) (width 0.1))
    (fp_line (start 1.27 1.27) (end 1.27 -21.59) (layer B.Fab) (width 0.1))
    (fp_line (start -0.635 1.27) (end 1.27 1.27) (layer B.Fab) (width 0.1))
    (pad 9 thru_hole oval (at 0 -20.32) (size 1.7 1.7) (drill 1) (layers *.Cu *.Mask)
      (net 19 "Net-(CB1-Pad9)"))
    (pad 8 thru_hole oval (at 0 -17.78) (size 1.7 1.7) (drill 1) (layers *.Cu *.Mask)
      (net 20 "Net-(CB1-Pad8)"))
    (pad 7 thru_hole oval (at 0 -15.24) (size 1.7 1.7) (drill 1) (layers *.Cu *.Mask)
      (net 21 "Net-(CB1-Pad7)"))
    (pad 6 thru_hole oval (at 0 -12.7) (size 1.7 1.7) (drill 1) (layers *.Cu *.Mask)
      (net 22 "Net-(CB1-Pad6)"))
    (pad 5 thru_hole oval (at 0 -10.16) (size 1.7 1.7) (drill 1) (layers *.Cu *.Mask)
      (net 23 "Net-(CB1-Pad5)"))
    (pad 4 thru_hole oval (at 0 -7.62) (size 1.7 1.7) (drill 1) (layers *.Cu *.Mask)
      (net 24 "Net-(CB1-Pad4)"))
    (pad 3 thru_hole oval (at 0 -5.08) (size 1.7 1.7) (drill 1) (layers *.Cu *.Mask)
      (net 25 "Net-(CB1-Pad3)"))
    (pad 2 thru_hole oval (at 0 -2.54) (size 1.7 1.7) (drill 1) (layers *.Cu *.Mask)
      (net 26 "Net-(CB1-Pad2)"))
    (pad 1 thru_hole rect (at 0 0) (size 1.7 1.7) (drill 1) (layers *.Cu *.Mask)
      (net 27 "Net-(CB1-Pad1)"))
    (model ${KISYS3DMOD}/Connector_PinHeader_2.54mm.3dshapes/PinHeader_1x09_P2.54mm_Vertical.wrl
      (at (xyz 0 0 0))
      (scale (xyz 1 1 1))
      (rotate (xyz 0 0 0))
    )
  )

  (module Connector_PinHeader_2.54mm:PinHeader_1x09_P2.54mm_Vertical (layer B.Cu) (tedit 59FED5CC) (tstamp 5D756870)
    (at 119.38 101.6 180)
    (descr "Through hole straight pin header, 1x09, 2.54mm pitch, single row")
    (tags "Through hole pin header THT 1x09 2.54mm single row")
    (path /5D78D812)
    (fp_text reference CA1 (at -2.565 -0.085) (layer B.SilkS)
      (effects (font (size 1 1) (thickness 0.15)) (justify mirror))
    )
    (fp_text value Conn_01x09 (at 0 -22.65) (layer B.Fab)
      (effects (font (size 1 1) (thickness 0.15)) (justify mirror))
    )
    (fp_text user %R (at 0 -10.16 270) (layer B.Fab)
      (effects (font (size 1 1) (thickness 0.15)) (justify mirror))
    )
    (fp_line (start 1.8 1.8) (end -1.8 1.8) (layer B.CrtYd) (width 0.05))
    (fp_line (start 1.8 -22.1) (end 1.8 1.8) (layer B.CrtYd) (width 0.05))
    (fp_line (start -1.8 -22.1) (end 1.8 -22.1) (layer B.CrtYd) (width 0.05))
    (fp_line (start -1.8 1.8) (end -1.8 -22.1) (layer B.CrtYd) (width 0.05))
    (fp_line (start -1.33 1.33) (end 0 1.33) (layer B.SilkS) (width 0.12))
    (fp_line (start -1.33 0) (end -1.33 1.33) (layer B.SilkS) (width 0.12))
    (fp_line (start -1.33 -1.27) (end 1.33 -1.27) (layer B.SilkS) (width 0.12))
    (fp_line (start 1.33 -1.27) (end 1.33 -21.65) (layer B.SilkS) (width 0.12))
    (fp_line (start -1.33 -1.27) (end -1.33 -21.65) (layer B.SilkS) (width 0.12))
    (fp_line (start -1.33 -21.65) (end 1.33 -21.65) (layer B.SilkS) (width 0.12))
    (fp_line (start -1.27 0.635) (end -0.635 1.27) (layer B.Fab) (width 0.1))
    (fp_line (start -1.27 -21.59) (end -1.27 0.635) (layer B.Fab) (width 0.1))
    (fp_line (start 1.27 -21.59) (end -1.27 -21.59) (layer B.Fab) (width 0.1))
    (fp_line (start 1.27 1.27) (end 1.27 -21.59) (layer B.Fab) (width 0.1))
    (fp_line (start -0.635 1.27) (end 1.27 1.27) (layer B.Fab) (width 0.1))
    (pad 9 thru_hole oval (at 0 -20.32 180) (size 1.7 1.7) (drill 1) (layers *.Cu *.Mask)
      (net 10 "Net-(CA1-Pad9)"))
    (pad 8 thru_hole oval (at 0 -17.78 180) (size 1.7 1.7) (drill 1) (layers *.Cu *.Mask)
      (net 11 "Net-(CA1-Pad8)"))
    (pad 7 thru_hole oval (at 0 -15.24 180) (size 1.7 1.7) (drill 1) (layers *.Cu *.Mask)
      (net 12 "Net-(CA1-Pad7)"))
    (pad 6 thru_hole oval (at 0 -12.7 180) (size 1.7 1.7) (drill 1) (layers *.Cu *.Mask)
      (net 13 "Net-(CA1-Pad6)"))
    (pad 5 thru_hole oval (at 0 -10.16 180) (size 1.7 1.7) (drill 1) (layers *.Cu *.Mask)
      (net 14 "Net-(CA1-Pad5)"))
    (pad 4 thru_hole oval (at 0 -7.62 180) (size 1.7 1.7) (drill 1) (layers *.Cu *.Mask)
      (net 15 "Net-(CA1-Pad4)"))
    (pad 3 thru_hole oval (at 0 -5.08 180) (size 1.7 1.7) (drill 1) (layers *.Cu *.Mask)
      (net 16 "Net-(CA1-Pad3)"))
    (pad 2 thru_hole oval (at 0 -2.54 180) (size 1.7 1.7) (drill 1) (layers *.Cu *.Mask)
      (net 17 "Net-(CA1-Pad2)"))
    (pad 1 thru_hole rect (at 0 0 180) (size 1.7 1.7) (drill 1) (layers *.Cu *.Mask)
      (net 18 "Net-(CA1-Pad1)"))
    (model ${KISYS3DMOD}/Connector_PinHeader_2.54mm.3dshapes/PinHeader_1x09_P2.54mm_Vertical.wrl
      (at (xyz 0 0 0))
      (scale (xyz 1 1 1))
      (rotate (xyz 0 0 0))
    )
  )

  (module Connector_PinHeader_2.54mm:PinHeader_1x07_P2.54mm_Vertical (layer B.Cu) (tedit 59FED5CC) (tstamp 5D756853)
    (at 119.38 99.06)
    (descr "Through hole straight pin header, 1x07, 2.54mm pitch, single row")
    (tags "Through hole pin header THT 1x07 2.54mm single row")
    (path /5D7723E0)
    (fp_text reference J1 (at 2.07 -1.36) (layer B.SilkS)
      (effects (font (size 1 1) (thickness 0.15)) (justify mirror))
    )
    (fp_text value Conn_01x07 (at 0 -17.57) (layer B.Fab)
      (effects (font (size 1 1) (thickness 0.15)) (justify mirror))
    )
    (fp_text user %R (at 0 -7.62 -90) (layer B.Fab)
      (effects (font (size 1 1) (thickness 0.15)) (justify mirror))
    )
    (fp_line (start 1.8 1.8) (end -1.8 1.8) (layer B.CrtYd) (width 0.05))
    (fp_line (start 1.8 -17.05) (end 1.8 1.8) (layer B.CrtYd) (width 0.05))
    (fp_line (start -1.8 -17.05) (end 1.8 -17.05) (layer B.CrtYd) (width 0.05))
    (fp_line (start -1.8 1.8) (end -1.8 -17.05) (layer B.CrtYd) (width 0.05))
    (fp_line (start -1.33 1.33) (end 0 1.33) (layer B.SilkS) (width 0.12))
    (fp_line (start -1.33 0) (end -1.33 1.33) (layer B.SilkS) (width 0.12))
    (fp_line (start -1.33 -1.27) (end 1.33 -1.27) (layer B.SilkS) (width 0.12))
    (fp_line (start 1.33 -1.27) (end 1.33 -16.57) (layer B.SilkS) (width 0.12))
    (fp_line (start -1.33 -1.27) (end -1.33 -16.57) (layer B.SilkS) (width 0.12))
    (fp_line (start -1.33 -16.57) (end 1.33 -16.57) (layer B.SilkS) (width 0.12))
    (fp_line (start -1.27 0.635) (end -0.635 1.27) (layer B.Fab) (width 0.1))
    (fp_line (start -1.27 -16.51) (end -1.27 0.635) (layer B.Fab) (width 0.1))
    (fp_line (start 1.27 -16.51) (end -1.27 -16.51) (layer B.Fab) (width 0.1))
    (fp_line (start 1.27 1.27) (end 1.27 -16.51) (layer B.Fab) (width 0.1))
    (fp_line (start -0.635 1.27) (end 1.27 1.27) (layer B.Fab) (width 0.1))
    (pad 7 thru_hole oval (at 0 -15.24) (size 1.7 1.7) (drill 1) (layers *.Cu *.Mask)
      (net 3 /~SHUTDOWN))
    (pad 6 thru_hole oval (at 0 -12.7) (size 1.7 1.7) (drill 1) (layers *.Cu *.Mask)
      (net 4 /~INTB))
    (pad 5 thru_hole oval (at 0 -10.16) (size 1.7 1.7) (drill 1) (layers *.Cu *.Mask)
      (net 5 /AUDIO_IN))
    (pad 4 thru_hole oval (at 0 -7.62) (size 1.7 1.7) (drill 1) (layers *.Cu *.Mask)
      (net 6 /SDA))
    (pad 3 thru_hole oval (at 0 -5.08) (size 1.7 1.7) (drill 1) (layers *.Cu *.Mask)
      (net 7 /SCL))
    (pad 2 thru_hole oval (at 0 -2.54) (size 1.7 1.7) (drill 1) (layers *.Cu *.Mask)
      (net 1 GND))
    (pad 1 thru_hole rect (at 0 0) (size 1.7 1.7) (drill 1) (layers *.Cu *.Mask)
      (net 2 +5V))
    (model ${KISYS3DMOD}/Connector_PinHeader_2.54mm.3dshapes/PinHeader_1x07_P2.54mm_Vertical.wrl
      (at (xyz 0 0 0))
      (scale (xyz 1 1 1))
      (rotate (xyz 0 0 0))
    )
  )

  (module Capacitor_SMD:C_0805_2012Metric (layer B.Cu) (tedit 5B36C52B) (tstamp 5D756838)
    (at 128.04862 113.496 90)
    (descr "Capacitor SMD 0805 (2012 Metric), square (rectangular) end terminal, IPC_7351 nominal, (Body size source: https://docs.google.com/spreadsheets/d/1BsfQQcO9C6DZCsRaXUlFlo91Tg2WpOkGARC1WS5S8t0/edit?usp=sharing), generated with kicad-footprint-generator")
    (tags capacitor)
    (path /5D7851CB)
    (attr smd)
    (fp_text reference C2 (at -2.54 0 90) (layer B.SilkS)
      (effects (font (size 1 1) (thickness 0.15)) (justify mirror))
    )
    (fp_text value 10.0uF (at 0 -1.65 90) (layer B.Fab)
      (effects (font (size 1 1) (thickness 0.15)) (justify mirror))
    )
    (fp_text user %R (at 0 0 90) (layer B.Fab)
      (effects (font (size 0.5 0.5) (thickness 0.08)) (justify mirror))
    )
    (fp_line (start 1.68 -0.95) (end -1.68 -0.95) (layer B.CrtYd) (width 0.05))
    (fp_line (start 1.68 0.95) (end 1.68 -0.95) (layer B.CrtYd) (width 0.05))
    (fp_line (start -1.68 0.95) (end 1.68 0.95) (layer B.CrtYd) (width 0.05))
    (fp_line (start -1.68 -0.95) (end -1.68 0.95) (layer B.CrtYd) (width 0.05))
    (fp_line (start -0.258578 -0.71) (end 0.258578 -0.71) (layer B.SilkS) (width 0.12))
    (fp_line (start -0.258578 0.71) (end 0.258578 0.71) (layer B.SilkS) (width 0.12))
    (fp_line (start 1 -0.6) (end -1 -0.6) (layer B.Fab) (width 0.1))
    (fp_line (start 1 0.6) (end 1 -0.6) (layer B.Fab) (width 0.1))
    (fp_line (start -1 0.6) (end 1 0.6) (layer B.Fab) (width 0.1))
    (fp_line (start -1 -0.6) (end -1 0.6) (layer B.Fab) (width 0.1))
    (pad 2 smd roundrect (at 0.9375 0 90) (size 0.975 1.4) (layers B.Cu B.Paste B.Mask) (roundrect_rratio 0.25)
      (net 1 GND))
    (pad 1 smd roundrect (at -0.9375 0 90) (size 0.975 1.4) (layers B.Cu B.Paste B.Mask) (roundrect_rratio 0.25)
      (net 2 +5V))
    (model ${KISYS3DMOD}/Capacitor_SMD.3dshapes/C_0805_2012Metric.wrl
      (at (xyz 0 0 0))
      (scale (xyz 1 1 1))
      (rotate (xyz 0 0 0))
    )
  )

  (module Capacitor_SMD:C_0805_2012Metric (layer B.Cu) (tedit 5B36C52B) (tstamp 5DD3689E)
    (at 126.66686 104.68474)
    (descr "Capacitor SMD 0805 (2012 Metric), square (rectangular) end terminal, IPC_7351 nominal, (Body size source: https://docs.google.com/spreadsheets/d/1BsfQQcO9C6DZCsRaXUlFlo91Tg2WpOkGARC1WS5S8t0/edit?usp=sharing), generated with kicad-footprint-generator")
    (tags capacitor)
    (path /5D780782)
    (attr smd)
    (fp_text reference C_FILT1 (at -0.1016 -1.6129 -180) (layer B.SilkS)
      (effects (font (size 1 1) (thickness 0.15)) (justify mirror))
    )
    (fp_text value 0.1uF (at 0 -1.65 180) (layer B.Fab)
      (effects (font (size 1 1) (thickness 0.15)) (justify mirror))
    )
    (fp_text user %R (at 0 0 180) (layer B.Fab)
      (effects (font (size 0.5 0.5) (thickness 0.08)) (justify mirror))
    )
    (fp_line (start 1.68 -0.95) (end -1.68 -0.95) (layer B.CrtYd) (width 0.05))
    (fp_line (start 1.68 0.95) (end 1.68 -0.95) (layer B.CrtYd) (width 0.05))
    (fp_line (start -1.68 0.95) (end 1.68 0.95) (layer B.CrtYd) (width 0.05))
    (fp_line (start -1.68 -0.95) (end -1.68 0.95) (layer B.CrtYd) (width 0.05))
    (fp_line (start -0.258578 -0.71) (end 0.258578 -0.71) (layer B.SilkS) (width 0.12))
    (fp_line (start -0.258578 0.71) (end 0.258578 0.71) (layer B.SilkS) (width 0.12))
    (fp_line (start 1 -0.6) (end -1 -0.6) (layer B.Fab) (width 0.1))
    (fp_line (start 1 0.6) (end 1 -0.6) (layer B.Fab) (width 0.1))
    (fp_line (start -1 0.6) (end 1 0.6) (layer B.Fab) (width 0.1))
    (fp_line (start -1 -0.6) (end -1 0.6) (layer B.Fab) (width 0.1))
